3196
1837
5516
2153
2791
1674
5214
4521
3736
2936
4559
4361
3105
2933
114
1487
3632
5155
3780
2276
41
3945
5375
316
822
4936
3375
3219
556
961
4884
4489
1744
5253
39
5792
4458
1693
704
2819
472
2491
5095
3193
22
1089
4985
1578
3725
1889
29
4929
3162
5972
5272
2563
2976
2447
654
1695
4464
2850
3834
1414
2104
1651
2832
5901
4553
907
3633
1568
5086
5183
1758
3514
5786
5698
1377
5075
1073
601
3112
1848
1338
175
5683
129
883
4329
4369
2527
2326
5037
486
3925
5355
5215
2607
3928
1853
1948
2761
3914
641
5403
3406
5411
1556
2080
2753
1937
3989
242
4989
3186
3235
2448
1737
4287
1688
5664
1471
892
4806
1720
3358
2029
273
1041
4732
3035
2445
3048
2351
5718
2201
1222
5550
1917
733
1619
1619
1149
5248
1590
436
503
3597
5824
4066
3797
2070
4283
2498
141
3577
3005
4171
2454
5330
4209
2158
715
2658
4503
4173
639
4223
394
3749
4400
2796
2067
445
3486
1482
4028
1348
2301
4942
5400
5574
442
5797
4929
2336
3963
5926
290
1380
954
3159
3479
1263
2642
1971
2209
1961
1354
3626
4190
988
1939
2073
3240
2441
2445
3787
460
743
2655
5104
3871
365
5798
638
3564
3762
2525
149
1809
2483
5838
551
2363
2469
1896
2104
5662
4492
338
3954
5562
2603
4719
4364
554
5085
850
1724
5007
2291
115
3227
2764
3582
2466
1752
2131
2672
1564
5391
2625
1406
5677
3531
4821
1625
3429
89
5654
3742
781
4752
1142
1514
4331
3854
257
1057
3012
244
5931
481
2338
229
2441
4803
4534
459
3022
3314
5760
3803
2169
1118
2525
3514
3261
3395
2367
271
114
4422
5971
186
5082
1296
3776
2966
4662
4079
1804
1228
5785
3689
1619
648
5325
5410
2650
2079
2613
3055
4432
2385
1939
5323
4534
844
5307
5099
5713
2305
4264
2286
3150
2123
2446
4647
2693
4972
2447
5069
817
3482
4801
1410
1199
5259
208
2451
484
557
1424
1152
4308
1146
2262
925
3809
1561
1032
3176
1873
4391
1697
3516
883
4120
1818
1845
131
2921
5125
1221
972
2280
3660
3494
1421
919
1482
1552
5967
4764
5031
5213
2758
3708
2298
1868
1782
5866
1258
2419
2664
2810
5302
2569
3228
3131
1158
3059
3777
5940
5505
5693
4676
2286
3024
3675
4806
3027
2067
768
4049
2037
2386
4430
3019
3938
2343
2063
4604
4422
2491
1205
1309
2081
2333
173
2801
4107
714
2345
2729
3701
3529
1917
130
1858
4007
4042
1745
3831
2019
4426
4707
1102
5962
4187
1278
2545
2453
4928
3756
3285
4449
2100
137
3876
2880
1488
2938
1088
4414
2574
3952
2421
3975
1295
558
2286
4935
5803
39
587
3458
5591
940
1154
1909
1148
5589
4787
1052
2613
4205
4976
1302
1720
419
572
1094
2713
4302
2115
1403
2508
1360
395
2146
3962
5439
1786
4586
53
3664
632
4104
4063
1540
1542
828
4936
5416
2463
932
7
2712
3406
1968
1339
3300
160
1494
1250
3045
619
2503
5561
1201
3695
17
1093
3277
1500
1718
1474
4467
4309
3741
378
1557
1780
840
4456
4864
685
4182
2269
292
951
1513
1347
99
5944
1434
305
1880
4496
60
5966
2202
1706
5326
3529
4369
2270
1541
2632
2937
346
522
4575
3061
3379
1439
4804
4677
3110
5720
3761
1754
3379
520
4953
3241
2237
3561
4751
5471
1035
2560
2611
660
5891
2944
3918
2035
2327
3710
4448
1737
944
3893
200
3148
2939
1179
5124
4542
2241
1603
2345
4162
3691
21
1557
94
4198
2891
1267
3345
1219
2781
3200
3815
5490
3807
4876
5850
5136
1865
3730
3404
686
3671
4763
5939
5061
2755
3215
4484
1590
5648
2158
5603
4279
1496
4143
1897
1995
2040
4967
4983
3728
873
4860
3546
3055
5683
522
2415
2784
2094
5638
649
2397
3737
3281
1345
5735
3310
1999
702
5982
2341
2536
4725
4461
3641
1279
1298
1412
2920
4001
5192
4635
5278
4304
373
5683
1940
945
122
4591
1701
5683
1289
979
338
2274
1999
652
2278
3514
3573
3552
3164
5855
4898
3255
2368
4188
5587
1242
2579
5259
3501
2475
1347
3365
225
3317
2778
1738
2386
2502
1206
803
2852
4650
3785
3461
5861
3657
3234
153
5344
1748
5036
923
1279
2604
37
2447
3457
1588
593
4827
5997
1944
4416
5761
2438
2910
5229
1995
5343
2459
1577
5980
3201
2169
2456
5604
5914
3832
3738
4660
4136
563
1868
3587
1591
1380
2224
2288
4247
635
442
4601
5025
1435
3501
5564
219
725
5158
4780
1995
2264
998
1623
5144
1609
1094
5429
5863
112
4566
1667
245
4532
710
432
3504
4616
2489
1223
1467
1573
2599
1679
5489
2266
2370
5200
4185
338
27
4199
2523
4949
869
955
5363
3585
3274
401
739
5434
4174
1693
4910
1039
1441
3242
4786
1807
1304
492
965
2444
4974
5892
2244
5920
5239
211
3128
3405
1365
4786
2441
1705
271
1090
3175
4025
5406
3024
1831
3357
538
2843
171
477
2773
2377
4694
610
4662
4614
1070
2600
2008
3343
5011
4802
4772
5566
4174
4591
1069
5351
4285
1884
570
3794
5615
170
2729
3466
683
1137
1778
5109
2550
2548
5482
5093
3508
5607
4233
1999
3678
3631
4974
2105
4693
2554
81
3513
934
5407
5097
5436
2847
2070
4511
1653
2513
3034
1315
3702
1398
5726
3534
2067
1668
1807
2712
453
2531
312
1370
3709
396
4747
2742
1754
1523
671
1798
4492
2582
373
243
2090
3174
2240
5591
1137
181
484
2836
3677
800
3005
2358
3949
1328
4275
4439
5490
1324
1165
2946
5625
705
932
3786
2602
5988
5881
699
3759
2007
2858
2129
5096
4874
5297
3753
5070
4804
3389
1796
1303
5043
3013
787
2571
1968
1130
4703
4740
2774
3068
1512
5515
4724
16
641
2464
2369
4305
2313
4457
1200
4005
749
976
5812
5073
4924
166
4438
5471
3532
300
532
718
1339
3172
668
3787
5144
1475
2490
4319
4835
3034
2750
3305
2674
5893
3201
5294
3846
2852
1098
5038
158
3752
2108
3865
714
5488
1314
4993
3442
52
5166
2321
1448
5041
3149
974
3002
2935
2639
142
5901
655
182
3255
5623
3410
1277
3592
5260
3558
2972
2957
3244
1417
5209
1359
3482
5987
5840
5227
4063
2983
4166
3109
4528
3354
5307
732
814
4631
878
223
1373
5043
4597
1024
4519
3805
1949
104
4193
1079
3807
1611
5726
235
4516
174
5731
4200
1994
3830
1228
252
2247
3138
5213
3943
5677
412
2250
5581
1887
5644
2667
4908
1747
926
4762
1374
5592
965
1503
1041
3690
1088
4926
1206
1524
2155
5487
4551
4998
3929
4367
1756
1911
5857
4117
3455
2668
1446
1512
5999
1673
5180
3646
2850
4487
3512
1816
847
5303
3703
1261
2651
1654
5090
2995
3297
2914
1008
1221
1351
876
3036
514
127
686
5641
2
3196
5631
4739
2702
3142
964
2536
1392
591
1082
1415
4745
3526
273
5543
1986
1004
299
4331
917
2982
2997
1668
621
962
1365
3672
3227
3501
3589
3026
3147
4052
3023
5578
3222
1466
4282
1111
2664
1737
5971
3809
213
3148
3647
636
2184
2317
3472
2370
1276
3003
1270
3232
287
4702
5608
900
2740
2750
4196
3781
280
2800
707
3795
2534
2930
5168
1697
4975
250
699
417
1412
2954
1897
1294
806
5926
590
4543
2721
1305
3789
4491
5107
1940
1087
5864
1043
4249
3106
2297
2576
1336
3492
4231
1240
1000
1425
1550
3515
1672
4985
5804
1438
3685
518
4293
20
1519
780
2731
5498
5336
5633
4397
114
4700
4223
1021
1266
343
5176
4198
429
1140
4522
573
2003
1874
643
855
5461
972
1958
316
4684
824
3726
3802
2442
1903
1507
1661
2688
4815
2907
4830
5858
3822
850
602
5368
4880
1053
500
5446
5115
1884
285
3551
3257
2206
5955
3669
4701
4617
2072
2372
5817
1066
2452
1904
544
5178
1838
4204
2664
1970
1367
5036
338
672
1687
5837
1980
874
5916
2451
3750
2770
5680
2980
821
4219
4890
2516
533
1371
2808
4863
3154
1570
5804
1454
2952
4842
2308
788
5305
3743
1743
3864
1327
4032
3596
1833
4195
103
5317
3949
1885
1318
2845
2218
5741
2114
1093
1752
5258
4036
5269
1046
5289
61
4809
1356
4064
5418
201
2321
1435
1865
4158
239
526
1451
498
4276
3116
2155
4040
1194
248
3533
3644
2025
2699
2042
2763
3418
4789
5835
1510
2175
1415
1156
2115
2322
1168
4772
421
3676
4950
5305
4205
1271
2791
4089
2640
3990
3073
1310
4811
3891
4687
2834
5557
5225
1573
1484
4420
1235
2158
3097
2435
3572
2227
2190
5602
2281
3135
3869
2718
396
17
519
5939
5290
562
1745
4511
3559
360
3033
824
1424
5402
4043
2305
4242
52
2175
2585
1369
2749
3093
421
2156
4391
1060
239
5143
2263
5855
3086
5320
4774
1754
2040
1839
167
1627
1446
239
778
884
663
698
480
3088
3223
1868
3024
1340
5937
3974
1833
968
3459
2446
1609
5454
5761
3733
5662
4514
3900
122
1627
746
5189
4909
3821
1585
5325
3046
4399
2374
142
759
5594
842
1423
191
4113
2762
4852
881
268
3274
2853
2260
4018
3779
3760
2860
1101
2269
545
4073
4185
1329
1457
1710
1326
4872
2572
4133
3726
3112
1703
177
1840
3585
562
132
3214
2018
1867
1442
332
3970
3683
549
794
5771
5061
1314
5932
953
2180
5277
1864
516
3844
3897
2368
5386
1692
946
304
3426
4250
4430
362
5932
5607
977
1424
2636
5677
1152
1122
5656
3574
4793
3081
4656
2647
4337
163
4574
349
2670
3744
4190
4278
1878
4220
2431
3732
1303
2414
4203
3613
520
4959
4212
1607
4079
5648
2239
210
1493
854
4805
4229
2376
1527
679
1662
2848
5385
5475
4069
5556
3944
5413
384
1741
2809
3951
2284
5850
1070
1819
1786
3590
553
624
2616
391
451
2708
5554
3928
2399
5601
5897
1210
5515
3883
483
2518
3079
944
1970
4999
3322
577
4713
1254
5185
2529
1485
2069
3256
2443
457
1535
1182
2777
2772
928
3444
4642
3190
4369
5447
3795
905
1575
1166
1330
4109
3469
4310
142
2463
4735
236
1867
5978
473
5978
4925
318
3502
998
4035
1472
701
2471
150
290
305
5738
5506
1061
5176
5108
5620
4589
2583
4872
5572
2004
268
796
5173
3265
5028
247
5419
4586
830
4941
5772
5543
4063
5518
42
5913
4647
4700
2400
4395
740
5644
1947
808
5926
5311
5643
365
5410
4225
2490
1792
2699
1377
3244
642
4510
5955
4696
3873
45
482
2342
4465
5727
1546
2473
715
5381
1733
3823
4390
3280
4979
2710
4230
3409
2640
3841
5730
833
5089
684
4794
5762
5711
4972
937
3877
3159
186
4103
2750
5825
5618
466
2838
4080
823
2047
3663
4089
4122
2891
2269
2599
3258
1287
3634
5262
5134
1187
5226
5295
81
3257
4441
108
5612
3502
5426
1933
2635
2469
1561
5617
153
4709
4267
5321
3613
5003
1165
1105
2873
4291
2418
2256
2384
5635
1057
2467
5545
4552
1030
2949
2561
1590
632
2769
5365
5306
4283
3851
5808
5090
1543
5324
2674
5199
2024
3740
4690
2074
2775
1541
1830
5061
4041
3814
832
627
5351
197
506
4490
2286
121
870
3896
2215
4710
4767
2324
410
2922
4500
5782
2206
296
4854
954
4948
1779
5856
209
4133
4973
2614
217
3513
3264
2673
5774
5402
3981
90
3904
3864
5156
4933
1975
5055
4835
529
3844
4597
1730
3293
4522
3048
3006
1933
1069
5943
5380
3468
3290
1792
401
5796
855
2042
5176
4236
1516
2548
467
4545
82
5470
829
777
251
2694
704
3540
2003
2006
4522
5491
4213
779
4278
2862
1185
5514
5992
912
588
1054
873
278
2312
2437
548
5640
758
4107
5423
4759
1785
2407
2494
3144
1917
3893
5156
559
408
4324
3820
2495
1455
1329
5592
1233
1020
2995
2263
2596
1375
4904
92
676
307
3104
4189
2494
5027
5849
3737
722
620
4042
397
570
5252
2629
1993
2219
3051
3142
1182
5193
5009
2769
5243
5743
5305
2555
1417
1951
780
1543
5651
3943
4801
4980
5338
197
315
3989
3416
141
4275
113
2131
3384
1768
4860
1829
3327
933
1814
3065
4728
2098
2226
3416
2800
1613
1194
805
5898
2394
385
726
5975
2600
3673
2741
5174
2311
727
2821
4590
4679
883
4952
2170
1138
5460
5168
868
1132
4363
501
2037
1338
974
4951
3147
66
281
3125
684
3505
4832
845
5307
3058
3784
1412
3641
3325
1942
2200
285
607
2520
388
535
729
5283
100
929
3275
2573
3722
1847
2274
3036
5968
1241
3327
478
271
1278
1562
3963
4959
3116
2071
4583
1568
1301
904
1036
4153
2851
1379
3720
1471
344
837
5171
600
5775
5527
1364
5232
4375
3680
1348
3547
1105
604
4051
108
4744
172
2073
5606
5985
77
1872
3233
1651
4749
4784
1168
552
2395
1083
4432
788
4687
3643
1299
2774
4138
4952
4734
4397
1727
366
3583
2012
5954
94
1540
4097
5407
3908
904
2371
4366
5049
5327
5978
262
1482
548
1827
1296
2969
5312
3012
894
2434
2878
1773
3131
3921
2205
1408
1972
2226
5094
802
2440
73
1438
2146
2268
1731
5166
905
3234
1116
113
2291
234
642
1790
221
5337
4106
4583
5487
4074
498
4673
4189
1843
2919
1589
4232
5977
3512
214
2490
1206
2746
3412
5490
3145
1182
2752
860
1055
3136
5521
3157
5154
225
4438
3453
2319
3590
221
4942
2699
2770
5140
1613
456
4962
638
1950
3461
792
4200
5501
5940
2475
5804
3754
1665
1421
3446
916
751
4540
3749
937
5972
5101
3460
3884
2584
5814
5242
5129
5242
5866
5086
2582
1396
363
1999
5898
5536
3083
4196
4898
3643
1683
3999
49
4073
4824
5079
5624
3321
826
4502
1478
266
4431
2640
2050
254
2000
4325
2055
2798
850
4441
4431
5167
1800
2130
1203
1779
4615
1697
1618
627
698
3813
816
619
2679
3676
3712
2774
1553
3452
2421
2844
3055
1649
1590
5065
5742
2727
1521
928
5538
2251
5745
1583
19
4221
4018
2693
5605
1017
4308
4978
2840
2102
5214
3406
1026
4077
1318
5965
5417
2542
5662
1904
262
4817
2321
4527
5926
1369
4350
2583
5426
2685
2211
2542
5362
3433
4750
943
4414
4194
721
4866
101
2921
964
3002
353
1010
4911
3526
1178
1686
4888
3344
4554
4518
698
5930
4578
4208
391
715
3995
3031
1390
1412
3007
4430
368
3655
1688
5013
2480
5002
2233
4599
1274
1672
1596
323
1446
2169
892
1530
812
3988
3653
553
4585
2642
3016
3943
4515
1364
2403
5696
3786
711
4192
612
4560
119
1757
986
1690
2178
4892
3433
4679
5071
5676
984
2209
1151
5287
2995
1169
3586
3261
1537
3720
4109
4162
3237
5851
571
4563
674
542
5201
3295
3650
1573
3783
627
4904
3255
4195
3030
4757
5204
88
1959
1544
5432
1503
84
2201
3184
2052
3996
5512
4781
3557
998
1793
3318
3767
68
3379
3443
2954
3219
2417
680
557
5828
4217
1326
1700
5200
339
4360
1465
1030
2444
3684
5106
4905
1076
1409
4530
457
4100
2784
1985
2414
3748
94
4080
2492
5276
2912
888
2003
4057
3408
3747
1799
259
2856
5118
784
2989
524
1948
1922
12
13
3614
5439
3211
1114
4786
1995
3278
3226
778
2289
1046
5912
335
2325
2021
782
1701
2985
1682
3078
1888
2964
5951
4044
4951
5231
5481
3255
905
418
4928
570
1533
1439
8
4902
5054
1340
1678
3171
791
4407
5295
5230
747
4341
1318
1525
3864
1868
676
3265
4909
194
565
1891
2713
2358
4560
1442
5702
2445
223
5380
5607
3023
5297
4859
4493
5507
3516
4626
496
2616
679
3832
1228
2694
294
5788
3930
2420
4391
5338
1665
2347
797
3876
300
1579
2778
3461
797
1453
819
1410
2658
1145
2719
98
5656
4424
2896
239
606
4828
5813
221
3387
5823
1663
5323
5298
1241
1682
2920
1940
726
2158
2584
2310
72
1119
3015
5413
3801
2754
2269
4360
819
4346
2754
1558
2771
5041
532
4983
2091
818
2230
2991
5080
1255
2827
4840
2067
3374
2660
5982
5083
2050
5239
4497
4451
839
1761
631
3368
4885
204
625
5431
1289
4756
2911
140
5528
5734
5429
2749
5318
1179
4736
3800
23
868
276
2395
2099
230
2200
4387
5759
8
4853
3094
3929
4682
2762
948
4260
2104
211
5659
3861
2287
2587
1643
5053
4416
5664
1515
441
4643
1014
5769
806
4653
5407
855
1385
3861
393
5588
3390
4931
5448
3976
1118
250
4278
548
3511
2265
4424
2553
1415
1324
2851
4537
3432
5320
111
1627
1283
5526
5146
3218
30
3567
3040
912
1336
2506
362
1319
1702
4690
900
4673
4639
1499
580
2928
1621
390
4343
5224
5733
3331
5198
5596
5601
1830
1578
1462
5675
4221
3843
3131
2005
1633
4063
2094
487
908
2529
4964
3809
4602
1904
4360
689
1715
1994
3760
5463
2055
665
3152
1639
1099
2052
2509
847
4739
1113
997
5722
4912
1050
4172
1396
2748
5909
2298
3183
4836
3784
4052
5941
2934
165
1511
2511
1674
547
1933
261
5782
5557
3113
4695
1372
1230
4485
4348
3479
5381
2734
3496
4502
870
2222
755
984
1321
1946
200
2617
4407
3629
220
1052
3002
2197
544
5481
420
5085
359
4424
1571
1019
1196
2223
4243
874
398
4889
2053
4315
4573
2760
4335
2375
1754
1820
2355
2136
3818
2532
1140
3193
2348
2500
1975
2090
3963
3496
2727
3769
3989
4552
3035
4542
5405
2748
3068
4550
5646
3682
881
2674
33
4637
637
944
2881
4609
4844
490
5821
4189
2425
2686
5917
4695
1492
4463
4217
2334
2275
3289
5735
1068
2054
1258
1859
3530
5071
5295
3092
2745
4162
1885
156
3182
2201
3922
4047
2110
2699
2698
1496
5451
2558
5270
873
4461
4506
5882
2258
3172
2800
3862
5300
2588
811
1575
5830
2946
2550
4879
1159
1607
735
5315
261
2163
1306
2051
1518
1723
3144
351
4869
5206
3833
2551
279
797
512
1748
702
5905
2199
1990
1973
2833
5571
430
93
3164
5496
5053
5552
5203
1520
3163
5637
5907
1000
1756
2676
4258
3180
2337
1162
135
5940
3659
1086
4575
1087
3365
4276
4990
831
4787
5234
3699
3604
5429
1394
1839
2830
2480
4936
3110
3981
1999
4308
2231
5420
214
2490
697
1118
4376
5408
3638
5030
1097
5367
2541
1581
3798
1838
1906
5216
419
3843
4185
4264
3173
5979
3187
4399
5810
21
5544
4127
1222
2570
742
5933
1512
583
360
5350
3787
3838
2442
648
2121
3242
3916
4660
477
50
2390
4035
1968
2751
2236
3447
2167
2065
913
2211
5674
2175
1360
2045
5528
1918
5608
5603
953
1701
2280
4812
2724
4190
5532
801
1971
558
727
5068
4436
3545
738
431
1729
3728
4435
4359
977
1676
4513
2739
2384
1120
2359
2832
5981
4122
4951
2119
2595
1402
2593
5449
5403
2934
4916
2121
2799
3677
4708
5323
2001
5227
1965
940
1213
4428
2007
5522
5773
500
506
613
2700
926
2212
3199
4477
5684
2217
4400
2173
5439
74
1588
5174
47
2857
9
277
2381
235
491
4638
5199
5647
2098
2382
1628
815
1232
4018
33
437
5395
902
1091
3696
4866
4512
613
5110
3526
4639
1612
3979
4566
686
5473
2179
2951
221
3575
4325
4483
5106
1071
3618
4762
3947
3224
132
4631
2311
202
2105
2341
4182
1157
2066
1633
5647
2117
1591
2737
161
377
3598
261
4187
2196
1196
3437
5199
4515
634
2988
3764
2721
3499
2092
2764
4696
4638
641
550
3976
639
4098
1717
2557
4915
1077
272
2444
1412
1738
586
5309
1465
2636
5989
4400
2009
3347
2995
4809
4993
1005
5806
5998
5173
3566
3977
2947
3652
2725
230
291
2351
4546
1593
5378
4010
2853
380
3809
116
392
2053
1570
452
2960
3541
5772
1748
1488
3074
5953
339
5310
23
4718
310
2666
1642
3698
3902
4428
1215
5587
1648
957
2187
3294
2528
1929
4796
2701
735
1492
5303
2974
5608
283
2817
3969
1797
2364
2882
5330
1783
2296
1271
4504
70
2263
2263
2557
3222
3837
5897
4272
3194
2300
20
1559
749
3818
1942
3272
4095
4757
1369
1690
620
964
2163
2455
1332
1407
3085
3141
2614
4594
2006
646
942
1693
3096
252
1153
352
3036
1793
3910
2470
3130
390
3896
3807
308
3018
41
3603
2963
1470
4585
675
4753
3126
552
2978
4793
1474
2456
4452
2284
238
1366
3685
5078
2631
346
3917
4224
2031
4508
1523
2471
515
1834
4032
1212
3867
680
374
4781
4257
3239
5169
3365
5382
1145
5596
3568
1073
5876
2358
1457
2345
2645
1430
5895
5894
5623
1789
4653
5907
3955
1980
977
854
5066
2406
1112
5250
3906
3575
2432
45
2957
4436
2069
126
4896
1013
3720
2730
2082
2417
3245
1231
2500
281
1380
2128
3680
999
1579
3074
5012
3752
2034
3142
2737
920
5455
1337
2639
637
5810
4712
3524
855
3307
3000
3541
2838
4475
2660
923
4972
969
2504
4282
5748
1654
1006
1390
2964
3090
2391
5463
5983
241
1309
1398
110
5128
5030
56
2224
2189
27
4131
2271
2350
378
1375
5909
1808
2665
2423
4751
2475
1900
1296
1345
211
4856
5497
5802
3643
521
4579
5674
2181
1793
1010
2289
5549
2274
3125
4857
5591
3342
611
4918
5302
2909
951
1997
1374
3199
941
1955
1980
962
2637
1672
1605
3590
920
5251
2988
4559
4960
1824
120
5995
1405
4616
2197
1445
1837
4287
26
3897
3436
1267
5099
1208
2612
4259
2815
4767
1782
399
837
1971
426
2559
2531
3775
2452
1591
5247
642
4695
2825
1537
131
4590
2795
3224
2422
2441
2426
3180
4819
4485
2639
2277
1861
4959
1089
3450
64
426
2443
3388
5175
5806
5536
2900
2797
292
2412
1370
106
2896
4765
5128
2304
3214
306
1774
2127
208
4115
3191
54
1046
4129
2668
2490
4383
5038
119
5372
4688
3456
5883
1862
947
3522
2610
5462
2049
2316
2375
2559
2466
3893
805
2972
4564
4710
1359
4678
2971
1888
5714
3432
2280
4913
4008
1920
1533
2051
5806
553
560
2421
632
5752
5038
1134
4772
1395
2738
2287
2876
5576
1798
2152
5696
3709
3337
878
627
2932
2049
3676
5781
674
4755
5943
561
2015
1313
4535
247
2432
3443
98
2781
836
2297
3147
1410
108
3712
5547
5091
3775
2611
4415
1377
1980
2868
2227
3987
5249
5019
1868
712
3851
1214
252
191
5839
2722
594
2859
1577
1377
4560
5073
1379
1964
1569
2068
1001
4803
4634
4531
2202
5346
480
5872
3601
5902
2715
4981
5492
2017
3786
739
157
5506
183
3131
1960
1177
5724
2576
4284
5809
4422
2316
5309
2303
4264
1970
3057
2946
4931
3844
178
5003
1077
1190
1508
5823
3616
5218
4263
4970
1677
4078
3134
3654
5088
139
449
3725
1886
1711
1665
4060
4844
2918
1130
2600
329
2324
1149
485
4831
4974
3759
837
5094
2553
2988
4654
4282
1907
2896
3759
2718
161
4215
2323
3168
1112
3347
1367
1199
4865
2415
3625
5835
4886
2546
402
2555
5250
4501
2406
805
2233
1272
5128
4650
1634
2450
3363
3071
318
3464
359
5475
100
3184
4353
5166
3243
967
3662
711
5548
4191
2641
3177
2294
5996
3043
823
3620
3457
1098
3101
1229
3479
3950
4489
5322
4958
3255
2425
1325
5543
1467
4519
5759
1713
3687
5138
4858
2354
3659
399
3257
1929
5115
3200
46
5426
3651
1316
5522
2249
3596
1584
5938
178
92
2587
183
392
4578
96
1398
3445
2338
1039
4682
1058
5678
4917
3583
2527
4198
3166
3937
4453
2000
1544
4644
4282
76
2538
1493
1461
1106
3588
3936
3138
2445
777
2307
1288
1451
4378
2307
3753
5253
1925
5630
1130
5853
1646
4641
4
5910
5148
4747
1243
4888
3928
3425
3981
2723
1761
3747
4028
5940
2067
3327
399
3382
5657
1925
1766
5403
881
955
5485
5212
1760
5345
1427
5612
2085
3319
2811
1683
3570
2830
5362
4474
5848
557
210
5027
114
21
2775
2587
517
1351
1969
5538
454
3556
3833
3370
988
2309
1927
3310
1288
1485
563
2533
3699
2043
4474
663
3655
2244
4995
2399
4112
4576
1859
1441
1188
2964
1646
4943
4209
81
591
103
1317
3866
2618
159
1700
4635
1408
5363
4182
3224
1811
526
1567
5764
2954
551
2019
564
5446
2942
2841
2547
2854
2680
2271
3975
937
2775
1263
883
1283
3757
2864
5502
1601
2754
2256
868
5152
2980
4577
5420
5258
4751
4081
5802
2019
542
510
5510
2371
1024
4698
668
4325
5246
4044
4133
63
27
2807
3030
1491
973
3102
2328
3382
2780
2744
1704
1726
329
3233
3376
3650
3169
177
1077
3404
386
2065
322
4850
204
1659
4437
1670
3899
3650
1736
3562
3749
50
2323
1240
4015
5736
3424
449
3269
2261
1439
2596
761
3375
4379
4081
220
1800
1805
3582
1323
5155
1920
1243
219
2245
5716
3025
3192
4393
1527
3088
1931
279
5393
4985
2634
2165
318
5641
4356
3517
1505
1032
1261
1921
4167
1232
3911
3277
1802
2530
2386
3341
3672
2101
677
1055
4435
5264
2701
505
1769
4186
3205
3790
2007
2688
2375
1949
5754
4151
1890
2234
5862
3043
1229
2418
4459
5975
5962
1177
5252
4190
399
1414
4466
2793
3361
465
4889
5993
3489
3915
2104
448
4076
191
1999
2579
1037
2344
2924
1059
822
4212
2071
605
2928
4407
1423
1998
3967
2147
404
778
2905
1094
1334
111
1160
4164
1901
326
1181
5478
4459
4426
5992
3939
5264
5324
2981
1231
1772
565
2281
1794
3290
4429
4110
2058
4139
5340
923
4915
4800
3248
8
4261
60
2895
3905
1919
2969
2109
1656
5443
5674
1951
4736
1730
1297
2625
4823
4025
4387
453
4499
3868
3512
4269
4016
1234
2743
699
2473
1217
3889
5286
3606
492
877
640
532
506
580
4695
5355
3289
5805
1048
3804
1874
5196
1690
4666
2463
3143
5930
1419
5402
1562
3075
1982
4728
747
1889
1663
2102
416
1318
3080
3522
1231
2732
5691
4317
358
5403
2670
4656
4893
557
3797
5693
888
4929
3942
5511
561
1022
2089
3141
1094
4536
5295
5794
1183
1543
181
1465
1955
4502
841
2783
2251
3369
1132
5217
3527
1827
2088
3344
3424
1206
1491
3354
1597
252
2341
3835
1914
1639
199
3908
1366
3380
572
4314
4763
5717
2356
978
2452
4270
5855
5404
1818
4176
4479
1453
1375
1525
4817
4850
5103
2843
2302
5266
451
3077
1036
259
920
2046
378
1071
928
1535
5916
2632
648
2050
2692
4090
1145
24
4578
1136
4258
825
5069
5050
5254
794
3394
2365
2082
1668
5517
4219
5107
2322
1766
997
517
1162
1133
1311
5006
1664
1224
19
4748
4072
4796
3096
1644
667
2491
2963
5117
2411
1342
5807
884
4970
4307
1241
4962
5000
3368
4015
3587
108
4057
5035
4088
725
3605
1083
1047
705
648
1907
656
3661
1989
4068
388
3838
98
30
3618
2384
5913
372
2818
2589
2139
3759
5861
1280
3192
998
3980
4826
157
3676
232
3893
2349
3691
1170
5096
899
1424
5181
3818
5926
1926
1881
1914
1230
5176
1736
5310
1271
1937
438
922
5427
5894
1045
1604
2037
1591
742
4374
3643
1761
4767
4643
3323
2215
1561
1710
178
3395
5113
663
3208
2599
2994
2775
2904
4633
1897
110
2079
1471
2729
1515
1571
1014
1528
2348
518
1530
5626
2614
2810
1985
724
2071
359
3048
3699
1226
3708
1267
158
4668
4307
1327
5897
5805
5463
1866
972
4824
4874
2789
5972
3878
4386
5720
776
847
4195
4327
4750
4147
1748
3508
4815
2697
1467
5125
968
3526
2505
5256
1539
960
4334
660
5125
5587
4276
961
5049
3380
5599
2715
4813
5028
552
4003
4700
3255
38
5575
1068
1845
1870
5651
3272
1089
2524
5463
1280
5992
611
5898
623
1485
577
1232
3278
5747
1735
2473
5432
57
2839
4922
4734
5485
2238
3551
3963
74
4885
2641
2826
4548
1010
1428
1239
5702
4356
5621
2147
3514
3552
1266
5836
1609
1733
2682
1324
5107
1719
647
2641
1489
122
5625
4045
3736
1868
2981
5375
1233
4984
5741
4178
3368
2632
4786
1076
5649
4891
2935
5449
946
2184
5288
3441
5517
1602
5498
5528
2764
5900
2357
3644
4194
1311
48
5892
1775
1657
1068
31
4244
3992
99
1803
5848
152
2594
2359
1626
1465
1589
363
3417
852
1586
5526
1280
5391
5945
5288
4549
4511
1706
625
581
3214
4568
3018
2328
1614
1820
3939
203
2204
1788
5980
1341
5544
5886
4648
2681
53
1544
4431
5254
2156
250
4323
92
5253
4830
1765
1800
4504
4958
985
1105
5744
5495
4999
5628
3234
1101
3555
2397
5790
1888
1359
1167
2275
1389
5184
1750
5575
839
4494
3827
2791
5527
1280
263
2443
578
2792
2284
4622
538
570
5184
4525
1064
5475
643
3038
2776
2855
163
4627
1557
1883
2614
1135
2295
1189
121
5288
5290
3761
470
4637
1058
3829
5226
858
3083
727
4344
4170
101
1213
3512
4749
4208
5686
1077
874
5332
3959
2262
933
37
1864
10
2869
1653
5568
505
3392
794
1038
24
3672
2945
4618
5997
106
1859
1531
1525
4403
3928
5195
3443
4086
1481
5240
137
4541
3722
2507
2267
1868
1575
910
4114
2316
510
1210
2895
726
5022
3663
5297
589
5758
3208
1480
3362
194
765
107
3906
5993
3242
4983
547
4746
273
3768
4399
5056
3820
4413
5696
2500
2997
1495
1804
538
4217
5475
4003
3726
2106
4601
5879
1921
4677
1235
3514
2686
2052
3873
5519
5970
1300
5420
314
4108
3289
651
601
913
1664
515
855
3682
4933
3921
1919
2642
1143
477
878
5203
3673
1751
588
1089
5786
5637
2556
3249
4615
5345
3873
458
5295
236
2979
2053
4392
967
4019
1490
1792
2276
5196
4076
2359
2664
1035
2349
2987
2324
3344
1060
5731
4532
3716
1078
512
2184
4653
338
3280
545
1089
986
837
2494
2008
3311
4982
3639
2084
4221
4405
5289
3205
1639
4977
4964
4088
419
2268
1489
1104
5449
1247
5769
4360
5400
1277
1026
4616
2490
4166
4234
310
4473
3517
377
5038
1458
4828
2322
4021
697
3685
1962
3243
1181
5628
3101
3199
1005
4884
1869
1735
3835
2791
2716
2336
2960
2491
3132
5891
2480
5761
5140
4777
1071
2143
5190
1584
613
2528
175
5774
3902
3498
1359
613
53
2449
5322
2120
1954
1018
942
685
993
1458
4901
1251
5893
5008
2125
5334
5468
2617
3799
2145
5093
1203
3357
4563
672
4747
3863
3846
1589
4459
2896
5723
151
1174
5844
1018
810
2998
4540
1113
3475
1016
1358
5738
2495
902
5983
5210
3623
2422
2410
4167
1010
2400
4422
5074
2379
1286
482
4997
596
5327
5108
3927
4684
3605
1923
5693
4509
4672
1921
515
3913
4993
5853
220
2454
3460
3800
4423
2423
624
3447
2850
2526
4192
5048
547
2255
5703
472
4548
998
4384
2420
4911
171
676
4015
363
1684
3568
5923
1797
2252
3285
3356
3378
5923
2417
1793
1748
2663
5807
3652
3227
5969
5947
1484
2126
1362
5464
4401
5307
3024
357
4072
2075
2140
3853
4847
5337
1894
3662
4972
804
211
2156
2641
5379
750
2727
2530
905
3676
1387
3738
5354
1364
1015
3867
60
4383
5328
3412
2337
604
1190
5960
692
2504
4966
1117
5954
5164
5682
914
2491
3591
1631
1684
2488
4941
557
1235
2720
2880
2844
2385
1542
2430
3965
2986
1541
235
5654
4618
31
2593
3739
5868
5441
1413
3449
5023
1500
140
2036
3950
1984
4734
5636
1967
1689
666
1755
5179
3726
2698
26
1312
5896
5048
2581
4452
4864
5920
2404
1099
4268
3240
1148
1627
108
5870
1261
2270
2895
1937
3580
5863
3515
3298
2164
5705
1757
2556
5689
1828
4030
3170
2846
209
3543
4792
3559
992
4502
981
2369
975
1185
2024
2705
4494
186
3880
1034
3298
5476
4592
2691
327
1029
715
5272
617
2493
4172
3407
2228
2678
577
4814
2730
1868
168
1116
1989
798
2275
2869
1566
1013
1817
2450
846
3045
2301
5160
1746
4675
2307
5119
3668
3574
5263
3382
5160
1952
5696
1637
1780
4126
814
4740
804
2814
1840
5146
4412
5505
3969
1896
927
1169
1955
871
3872
2693
532
5631
5832
3411
977
906
2263
4837
3000
4984
2526
4751
82
3860
3772
703
2785
2566
1863
1046
4934
4763
1581
5319
1543
2738
2924
2397
1935
4904
4191
1778
5750
1575
1434
5165
194
1770
1912
3451
5294
2164
3410
4993
2138
4770
4611
2145
707
302
2074
556
5204
1061
240
2503
1485
1515
1083
3696
1412
238
4002
1890
1978
648
4705
136
175
4649
5231
3919
4055
3844
1246
575
5134
2744
3059
2363
1643
4787
2039
823
402
2050
3949
1033
1900
5179
1205
5091
2506
703
1392
4960
2248
2874
2069
3085
3135
4157
4259
1386
4045
5775
2200
5649
2041
2143
2994
4838
129
3228
1700
2351
902
489
155
1526
2667
4283
3362
4397
1498
4420
34
5858
5208
4342
2382
5795
5914
3664
2622
5635
263
2541
3945
2158
1680
5005
1417
2297
5854
3363
5898
205
1546
4353
5428
1702
5443
209
2825
3687
3595
1654
5488
2097
5747
2738
2771
1539
5048
985
294
4163
558
2325
4889
302
2413
4124
3216
2573
3976
5295
4049
3401
3333
4532
2686
4224
3498
1942
4371
3288
1701
3420
1202
2596
2368
3351
637
1685
5538
3152
4676
3266
5321
145
944
1610
3686
1970
863
1369
1274
1496
5233
5818
4192
3433
738
5629
1114
5763
4281
857
3649
413
208
4611
5047
1534
581
4784
1008
2877
2448
4487
4256
1848
1222
4026
950
1001
717
2566
3529
4966
337
3289
1746
4376
4743
4629
3883
3086
5569
2002
5430
851
2657
648
2913
701
4705
3484
5544
1624
5249
939
3611
3346
2642
1893
5506
888
5492
3452
2607
3073
2219
4206
2547
1433
4215
2574
707
2625
5987
890
2732
2325
1358
2009
5333
2174
3849
3923
164
1305
769
5445
2179
1687
3325
1204
3892
5447
1786
3954
3683
3249
933
3216
4539
1588
5320
691
2572
5923
4025
4250
3404
4714
1167
478
1755
3800
1127
1258
4811
4280
2118
1166
2831
5216
2127
4351
339
5549
5784
641
1710
2062
1112
1991
1667
5345
4579
2378
4702
427
4442
2761
2525
2812
5132
2944
1404
5026
849
3676
821
4125
4457
205
984
5875
1408
1373
2936
4980
2325
4720
1718
4608
3052
5997
498
2120
864
4908
5935
579
3965
2432
5031
3394
3885
3702
2351
902
1600
2383
4299
400
4370
5307
5365
441
3800
5942
538
1971
2603
5576
4517
2352
4088
951
1297
2082
4167
4496
3657
722
59
4758
3090
4916
5641
5690
4444
3771
2700
1147
5668
5577
793
3855
2478
2522
4366
451
3857
738
5392
1232
5763
820
5526
3599
1255
4309
2368
463
259
496
2460
5796
3799
5354
2041
2017
2843
5881
4205
2457
121
4881
3781
643
907
3327
3980
1548
2069
5945
1661
4353
2886
3910
172
1709
